Mol,Shifts
Mol1,18.70,20.70,24.40,24.60,24.60,26.90,28.10,28.60,28.80,32.80,37.60,39.10,40.10,43.70,75.20
Mol2,7.30,19.40,55.40,56.00,91.10,105.30,108.00,110.90,156.50,158.50,160.70,162.60,177.60
Mol3,14.00,14.50,22.60,24.30,28.40,29.20,29.50,29.60,30.30,30.50,31.80,32.20,59.40,132.20,138.90,139.00,147.50,172.80,194.60
Mol4,18.70,20.80,24.90,30.00,42.60,43.40,48.60,49.40,53.10,78.30,83.40,207.20,208.70
Mol5,28.50,30.50,36.50,42.40,60.80,61.70,71.80,81.70,122.10,127.30,127.40,129.90,137.00,142.40,145.60,145.80,158.10,158.70,173.50,206.70
Mol6,14.46,18.08,20.89,22.05,26.22,27.07,28.74,35.47,41.16,42.26,51.02,57.80,64.86,76.90,136.08,141.92
Mol7,26.60,27.30,30.90,36.10,45.70,47.00,65.30,86.90,112.50,171.50,183.50
Mol8,32.40,66.20,66.70,71.90,130.90,135.50,174.90
Mol9,10.30,27.00,34.80,39.00,39.20,48.80,49.20,79.50,80.10,80.20,82.70,86.70,89.00,111.40,140.10
Mol10,22.00,22.07,22.45,22.73,28.53,41.73,54.37,54.48,62.57,62.77,84.12,130.94,135.07,177.27,211.58
Mol11,24.50,26.40,46.20,49.60,127.10,128.30,128.30,129.80,129.80,137.30,169.80
Mol12,40.40,53.30,65.10,65.80,69.50,78.40,81.00,104.90,129.50,129.50,130.60,130.60,131.40,134.20,167.90,169.60
Mol13,61.5,117.40,117.50,118.20,118.50,119.90,120.20,127.40,130.20,138.50,145.00,150.50,150.50